y = [1 2 3 4 5 6 7 8 9];
x = [y(1:3); y(4:6); y(7:9)]    % 구간 나눠주기